date: 	29.05.2021
pic: 	bat_soc_sleep_monitor_18650_li_ion_tuned.png

VOLT_POINT = [ 4.13, 3.66, 3.48, 3.35, 3.0, 2.5 ]
k: [0.9333726963064314, 2.0575230240304956, 1.0468202056617817, 0.127414238260857, 0.01747835639368692]
n: [-2.8556498619062087, -6.970040061376284, -3.4527942534531593, -0.3727842626600614, -0.04297661705855117]

